\033[38;2;244;195;149m
       `...
       .-::-`
       `:\033[38;2;234;136;23mo\033[38;2;244;195;149mys+::
       \033[38;2;244;195;149m`-o\033[38;2;234;136;23myd\033[38;2;244;195;149mh/d-
        \033[38;2;244;195;149m-/oy\033[38;2;234;136;23mdmmd:\033[38;2;244;195;149m://-.
        \033[38;2;244;195;149m`-+yh\033[38;2;234;136;23mmmmN\033[38;2;124;72;23mNN\033[38;2;234;136;23mmdmmh+:.`
          \033[38;2;244;195;149m-+\033[38;2;234;136;23mymmN\033[38;2;124;72;23mNNMMMMMMMM\033[38;2;234;136;23mMNmy/.
           \033[38;2;244;195;149m`\033[38;2;234;136;23m:shdd\033[38;2;124;72;23mmMMMMMMMMMM\033[38;2;234;136;23mMNNmy:
             \033[38;2;234;136;23m`:/shm\033[38;2;124;72;23mNmdNNNMM\033[38;2;234;136;23mMMMMMNmy`
               \033[38;2;234;136;23m.mmmm\033[38;2;124;72;23mmNNNNMM\033[38;2;234;136;23mMMMMMNNmh
               \033[38;2;234;136;23m+M\033[38;2;124;72;23mMNNNNMMMM\033[38;2;234;136;23mMNNMMNNMNN/
               \033[38;2;234;136;23mhmNNNN\033[38;2;244;195;149mNMNmdd\033[38;2;234;136;23mNmmNNMmod+
               \033[38;2;234;136;23mymmmm\033[38;2;244;195;149mNNhmmysoooyy:
               \033[38;2;234;136;23m.ydddN\033[38;2;244;195;149mMN+Nmyoo/:/`
                \033[38;2;234;136;23m`+dmMMm\033[38;2;244;195;149mhNNmsoo+-`
                \033[38;2;234;136;23m-+NMNNmN\033[38;2;244;195;149mMMd-
                \033[38;2;234;136;23m``+MNNNMMM\033[38;2;244;195;149mh.
                  \033[38;2;234;136;23m`dMMMMMMMNds-
                   \033[38;2;234;136;23msMM\033[38;2;124;72;23mNMMMM\033[38;2;234;136;23mNmmd.
                  \033[38;2;234;136;23m`yM\033[38;2;124;72;23mNNNMM\033[38;2;234;136;23mMMNNNy.
                 \033[38;2;234;136;23m-m\033[38;2;124;72;23mMMMMMMM\033[38;2;234;136;23mMNmmh+mh.
                  \033[38;2;124;72;23m`sMMMMMMMM\033[38;2;234;136;23mMMNoN/
                   \033[38;2;234;136;23m/hmm\033[38;2;124;72;23mNNd\033[38;2;234;136;23mmmNMMMM+
                   \033[38;2;234;136;23m`-:-:/:o/+ysos/
                                               
