\033[38;2;162;207;229m
       `...
       .-::-`
       `:\033[38;2;36;165;229mo\033[38;2;162;207;229mys+::
       \033[38;2;162;207;229m`-o\033[38;2;36;165;229myd\033[38;2;162;207;229mh/d-
        \033[38;2;162;207;229m-/oy\033[38;2;36;165;229mdmmd:\033[38;2;162;207;229m://-.
        \033[38;2;162;207;229m`-+yh\033[38;2;36;165;229mmmmN\033[38;2;20;91;127mNN\033[38;2;36;165;229mmdmmh+:.`
          \033[38;2;162;207;229m-+\033[38;2;36;165;229mymmN\033[38;2;20;91;127mNNMMMMMMMM\033[38;2;36;165;229mMNmy/.
           \033[38;2;162;207;229m`\033[38;2;36;165;229m:shdd\033[38;2;20;91;127mmMMMMMMMMMM\033[38;2;36;165;229mMNNmy:
             \033[38;2;36;165;229m`:/shm\033[38;2;20;91;127mNmdNNNMM\033[38;2;36;165;229mMMMMMNmy`
               \033[38;2;36;165;229m.mmmm\033[38;2;20;91;127mmNNNNMM\033[38;2;36;165;229mMMMMMNNmh
               \033[38;2;36;165;229m+M\033[38;2;20;91;127mMNNNNMMMM\033[38;2;36;165;229mMNNMMNNMNN/
               \033[38;2;36;165;229mhmNNNN\033[38;2;162;207;229mNMNmdd\033[38;2;36;165;229mNmmNNMmod+
               \033[38;2;36;165;229mymmmm\033[38;2;162;207;229mNNhmmysoooyy:
               \033[38;2;36;165;229m.ydddN\033[38;2;162;207;229mMN+Nmyoo/:/`
                \033[38;2;36;165;229m`+dmMMm\033[38;2;162;207;229mhNNmsoo+-`
                \033[38;2;36;165;229m-+NMNNmN\033[38;2;162;207;229mMMd-
                \033[38;2;36;165;229m``+MNNNMMM\033[38;2;162;207;229mh.
                  \033[38;2;36;165;229m`dMMMMMMMNds-
                   \033[38;2;36;165;229msMM\033[38;2;20;91;127mNMMMM\033[38;2;36;165;229mNmmd.
                  \033[38;2;36;165;229m`yM\033[38;2;20;91;127mNNNMM\033[38;2;36;165;229mMMNNNy.
                 \033[38;2;36;165;229m-m\033[38;2;20;91;127mMMMMMMM\033[38;2;36;165;229mMNmmh+mh.
                  \033[38;2;20;91;127m`sMMMMMMMM\033[38;2;36;165;229mMMNoN/
                   \033[38;2;36;165;229m/hmm\033[38;2;20;91;127mNNd\033[38;2;36;165;229mmmNMMMM+
                   \033[38;2;36;165;229m`-:-:/:o/+ysos/
